name: drawing_x
drones:
  lb2:
    target: [ -0.30, -0.12, 1.12, 0.0 ]
    waypoints: []
    delta_t: 16
    iterations: 1
    params:
      linear: true
      relative: false
    servos: [ [180, 403] ]
    led:
      mode: "expression"
      rate: 50
      formula: >
        ([251, 23, 150] if int(t / 2) % 2 == 0 else [5, 160, 250])
        if i > max(19, 49 - (t % 2) * 30)
        else (
          ([5, 160, 250] if int(t / 2) % 2 == 0 else [251, 23, 150])
          if t > 2 and i > 19
          else 
          [0, 0, 0]
        )
  lb3:
    target: [ -0.05, -0.112, 0.89, 0.0 ]
    waypoints: []
    delta_t: 16
    iterations: 1
    params:
      linear: true
      relative: false
    servos: [ [ 180, 317 ] ]
    led:
      mode: "expression"
      rate: 50
      formula: >
        ([251, 23, 150] if int(t / 2) % 2 == 0 else [5, 160, 250])
        if i > max(19, 49 - (t % 2) * 30)
        else (
          ([5, 160, 250] if int(t / 2) % 2 == 0 else [251, 23, 150])
          if t > 2 and i > 19
          else 
          [0, 0, 0]
        )
  lb4:
    target: [ -0.30, 0.11, 0.884, 0.0 ]
    waypoints: []
    delta_t: 16
    iterations: 1
    params:
      linear: true
      relative: false
    servos: [ [0, 222] ]
    led:
      mode: "expression"
      rate: 50
      formula: >
        ([251, 23, 150] if int(t / 2) % 2 == 0 else [5, 160, 250])
        if i > max(19, 49 - (t % 2) * 30)
        else (
          ([5, 160, 250] if int(t / 2) % 2 == 0 else [251, 23, 150])
          if t > 2 and i > 19
          else 
          [0, 0, 0]
        )
  lb5:
    target: [ -0.05, 0.115, 1.115, 0.0 ]
    waypoints: []
    delta_t: 16
    iterations: 1
    params:
      linear: true
      relative: false
    servos: [ [ 138, 358 ] ]
    led:
      mode: "expression"
      rate: 50
      formula: >
        ([251, 23, 150] if int(t / 2) % 2 == 0 else [5, 160, 250])
        if i < min(31, (t % 2) * 30)
        else (
          ([5, 160, 250] if int(t / 2) % 2 == 0 else [251, 23, 150])
          if t > 2 and i < 31
          else 
          [0, 0, 0]
        )

#  - id: "lb2"
#    ip: lightbendercf02
#    user: fls
#    init_pos: [ -0.5, -0.5, 0.2 ]
#    type: b
#    uri: radio://0/100/2M/E7E7E7E702
#  - id: "lb3"
#    ip: lightbendercf03
#    user: fls
#    init_pos: [ 0.5, -0.5, 0.2 ]
#    type: b
#    uri: radio://0/100/2M/E7E7E7E703
#  - id: "lb4"
#    ip: lightbendercf04
#    user: fls
#    init_pos: [ -0.5, 0.5, 0.2 ]
#    type: a
#    uri: radio://0/100/2M/E7E7E7E704
#  - id: "lb5"
#    ip: lightbendercf05
#    user: fls
#    init_pos: [ 0.5, 0.5, 0.2 ]
#    type: a
#    uri: radio://0/100/2M/E7E7E7E705